0.743711
0.742138
0.742925
0.748428
0.750590
0.746855
0.749410
0.735456
0.747445
0.745873
0.743514
0.756879
0.745873
0.758844
0.751572
0.742925
0.758451
0.748035
0.757075
0.764347
0.042256
0.405071
0.412932
0.447327
0.431407
0.465409
0.464819
0.472288
0.472091
0.477398
0.468553
0.409591
0.490566
0.494890
0.475236
0.496659
0.484670
0.486439
0.520833
0.524961
0.402516
0.540094
0.382665
0.594929
0.703420
0.670794
0.676494
0.718160
0.695165
0.742531
0.568003
0.697720
0.715409
0.710495
0.719143
0.627948
0.503538
0.550511
0.751769
0.617925
0.410574
0.811910
0.640134
0.815055
0.449489
0.623821
0.813090
0.839426
0.850236
0.851022
0.850629
0.810338
0.863208
0.874410
0.869693
0.838247
0.813483
0.736046
0.518475
0.710692
0.827634
0.861046
0.764544
0.566627
0.931997
0.958923
0.956564
0.804049
0.400157
0.956958
0.861439
0.911950
0.958726
0.869693
0.911950
0.889741
0.848074
0.956171
0.924921
0.967178
0.943396
0.778302
0.548546
0.890330
0.792649
0.939465
0.484080
0.634237
0.705385
0.459709
0.642099
0.975825
0.612028
0.778105
0.947720
0.538719
0.917453
0.965409
0.562697
0.531840
0.376179
0.354363
0.605149
0.690448
0.479167
0.475236
0.595322
0.868711
0.942610
0.689465
0.969929
0.821737
0.974843
0.679638
0.884041
0.467964
0.389741
0.357508
0.425708
0.476808
0.932390
0.973270
0.973860
0.953813
0.472877
0.403498
0.471305
0.483687
0.508255
0.725432
0.634631
0.950275
0.973860
0.977398
0.930621
0.832351
0.943986
0.853577
0.616549
0.478184
0.930031
0.971698
0.693396
0.415881
0.397602
0.048939
0.036557
0.027319
0.023192
0.038915
0.022995
0.025747
0.023978
0.021030
0.034198
0.021226
0.054049
0.059355
0.059552
0.058569
0.059159
0.059159
0.040291
0.055228
0.021030
0.030660
0.028302
0.028302
0.021816
0.039701
0.022406
0.020637
0.030267
0.029481
0.374607
0.980936
0.975236
0.978577
0.842571
0.376769
0.744890
0.880110
0.689465
0.617728
0.413719
0.334513
0.421777
0.574882
0.963443
0.964230
0.652712
0.809159
0.631289
0.845715
0.715016
0.623231
0.534984
0.801494
0.807980
0.900747
0.584316
0.724646
0.576454
0.382469
0.993121
0.988797
0.684945
0.992335
0.959119
0.709513
0.950668
0.676887
0.982311
0.939072
0.935338
0.988994
0.973270
0.782233
0.753341
0.549725
0.949686
0.962264
0.970715
0.974843
0.977005
0.469929
0.838050
0.978381
0.956171
0.563090
0.562303
0.956171
0.972288
0.989780
0.924921
0.938483
0.938876
0.735259
0.977791
0.489976
0.840409
0.584906
0.921973
0.996069
0.682980
0.564465
0.586281
0.721895
0.988011
0.987618
0.859080
0.747838
0.393278
0.986046
0.709906
0.536360
0.794811
0.984277
0.951454
0.968750
0.948310
0.981525
0.979363
0.830975
0.535181
0.671384
0.931604
0.691431
0.503538
0.990566
0.391509
0.750000
0.852987
0.909198
0.926297
0.890134
0.963050
0.624607
0.816431
0.985259
0.935928
0.530267
0.959316
0.967571
0.994300
0.990763
0.957744
0.905267
0.992335
0.804442
0.983884
0.941824
0.870676
0.959316
0.519851
0.939072
0.984080
0.810928
0.724450
0.940645
0.925511
0.857704
0.952830
0.976022
0.978577
0.969536
0.975039
0.976415
0.984473
0.953420
0.836871
0.923546
0.983294
0.984670
0.884041
0.969929
0.992138
0.983294
0.936321
0.846698
0.529481
0.664308
0.759827
0.990763
0.946934
0.981525
0.917060
0.505110
0.895440
0.991352
0.635220
0.565448
0.515723
0.990959
0.982901
0.979560
0.991352
0.984866
0.871266
0.740763
0.669615
0.976022
0.658019
0.944575
0.981132
0.680621
0.738404
0.856525
0.965409
0.992728
0.994497
0.513954
0.558373
0.635024
0.878341
0.959906
0.923349
0.440448
0.982508
0.653695
0.800904
0.920401
0.921777
0.930425
0.905071
0.986635
0.987618
0.990566
0.428066
0.503145
0.506486
0.924921
0.930818
0.493907
0.905857
0.924921
0.771030
0.852987
0.760417
0.628931
0.697131
0.793436
0.759237
0.643475
0.856525
0.881289
0.632469
0.756093
0.690055
0.924921
0.926690
0.921777
0.924921
0.929049
0.511399
0.493318
0.440841
0.973860
0.971108
0.582547
0.970126
0.515723
0.427869
0.447917
0.297563
0.373231
0.752358
0.777712
0.823310
0.875000
0.549921
0.739583
0.922956
0.030464
0.052476
0.056800
0.054442
0.047170
0.030071
0.048153
0.825275
0.927869
0.886203
0.752555
0.685535
0.792060
0.858491
0.894654
0.772602
0.745283
0.403695
0.329009
0.452634
0.418042
0.708726
0.981525
0.614190
0.418239
0.968750
0.993907
0.971698
0.729953
0.392099
0.618514
0.883058
0.059748
0.921580
0.970322
0.957940
0.868514
0.989976
0.991352
0.810142
0.906447
0.424135
0.809552
0.969929
0.991549
0.990959
0.977005
0.994104
0.986046
0.963640
0.975236
0.928066
0.974450
0.967374
0.934355
0.967571
0.986832
0.989387
0.993907
0.985849
0.968160
0.990369
0.806997
0.983687
0.980542
0.793239
0.428459
0.829206
0.795991
0.908412
0.616352
0.396226
0.773585
0.982508
0.549921
0.976022
0.933766
0.912539
0.973467
0.932193
0.979167
0.491549
0.776730
0.560535
0.972681
0.939465
0.911164
0.923153
0.588247
0.986832
0.728381
0.988994
0.579796
0.989976
0.972091
0.979363
0.987028
0.758255
0.766313
0.990959
0.986832
0.974843
0.988011
0.980936
0.559552
0.968357
0.462068
0.640723
0.710102
0.965016
0.768671
0.983491
0.954403
0.882862
0.778302
0.917846
0.961085
0.431800
0.496855
0.476808
0.373624
0.423742
0.640723
0.851612
0.869300
0.952830
0.916274
0.705778
0.388561
0.660181
0.364583
0.519458
0.902123
0.953027
0.755700
0.949882
0.981329
0.988208
0.505503
0.643278
0.660377
0.605936
0.303066
0.403695
0.703027
0.949292
0.960888
0.936517
0.612814
0.980346
0.957547
0.951061
0.593750
0.370676
0.305621
0.633058
0.676887
0.563876
0.652319
0.389741
0.633058
0.857704
0.885220
0.397013
0.506879
0.579992
0.394654
0.724057
0.903105
0.536753
0.988404
0.977398
0.889151
0.797563
0.343947
0.323506
0.360259
0.509631
0.394458
0.954009
0.990369
0.508058
0.984866
0.928263
0.887775
0.646030
0.359473
0.492925
0.488994
0.714033
0.495676
0.861635
0.921187
0.741942
0.907429
0.964819
0.322131
0.463836
0.545008
0.693986
0.498035
0.897013
0.985063
0.927869
0.988601
0.813090
0.849843
0.707940
0.702437
0.407429
0.578420
0.923546
0.872838
0.989583
0.872248
0.988797
0.929442
0.680818
0.886792
0.974253
0.979167
0.885613
0.886203
0.971108
0.986439
0.986242
0.730346
0.898388
0.794222
0.880700
0.820165
0.897799
0.990763
0.841392
0.900943
0.891509
0.559552
0.397799
0.706368
0.720322
0.804442
0.662343
0.985849
0.982311
0.921187
0.851808
0.840605
0.927869
0.976022
0.521423
0.645833
0.769064
0.778498
0.977398
0.935928
0.979560
0.948310
0.986046
0.836478
0.941038
0.976808
0.662343
0.674135
0.692414
0.622052
0.468357
0.338836
0.953813
0.915487
0.786557
0.888365
0.378931
0.610259
0.470322
0.439662
0.049528
0.036557
0.032626
0.655660
0.888561
0.924725
0.989780
0.989976
0.992531
0.792060
0.860063
0.989387
0.787343
0.977791
0.799332
0.805228
0.594929
0.462854
0.953223
0.977005
0.989387
0.957940
0.928852
0.971698
0.908805
0.638561
0.666077
0.966981
0.981132
0.979363
0.755110
0.973270
0.890527
0.975825
0.617728
0.978577
0.961281
0.858097
0.635024
0.971305
0.978970
0.982901
0.982704
0.986046
0.992728
0.978774
0.992138
0.941234
0.980346
0.988797
0.971895
0.962068
0.633451
0.851612
0.970912
0.992138
0.990959
0.971895
0.990173
0.971895
0.964033
0.658608
0.638168
0.897209
0.976808
0.659198
0.817610
0.989190
0.977791
0.977398
0.981722
0.970126
0.917453
0.870086
0.985063
0.970126
0.363404
0.369300
0.485849
0.705582
0.905071
0.955189
0.723860
0.886989
0.584119
0.813679
0.804638
0.852201
0.456564
0.719143
0.829992
0.483687
0.521816
0.018475
0.021030
0.021030
0.045008
0.040881
0.031250
0.040487
0.053459
0.020440
0.020047
0.019458
0.417060
0.416863
0.713050
0.673939
0.383058
0.897013
0.818986
0.853381
0.559945
0.867531
0.802083
0.358491
0.932193
0.962657
0.727398
0.665094
0.962854
0.988601
0.770637
0.815841
0.901140
0.537736
0.688483
0.948113
0.977594
0.988404
0.920597
0.711281
0.482508
0.368121
0.367531
0.967964
0.977791
0.754324
0.985653
0.951847
0.985849
0.992925
0.946934
0.986439
0.841195
0.990566
0.903302
0.988797
0.983884
0.909788
0.964426
0.616156
0.472484
0.914112
0.988994
0.993907
0.988011
0.983491
0.930228
0.636006
0.385417
0.979363
0.573703
0.985063
0.988601
0.988404
0.977201
0.985259
0.912736
0.986832
0.988208
0.977594
0.937893
0.936714
0.987618
0.991352
0.987618
0.932783
0.992728
0.901140
0.988601
0.992728
0.986635
0.991156
0.952437
0.731722
0.857115
0.836478
0.948899
0.856722
0.986242
0.035770
0.973860
0.995283
0.985849
0.988797
0.936910
0.909198
0.805818
0.989387
0.789701
0.991352
0.969536
0.975039
0.831761
0.821148
0.850236
0.966981
0.979167
0.896423
0.940055
0.981132
0.855346
0.983687
0.899568
0.992138
0.988601
0.994104
0.968160
0.876769
0.983491
0.974843
0.486046
0.852005
0.750786
0.634041
0.981918
0.877752
0.893475
0.976219
0.925708
0.827634
0.765330
0.857901
0.966981
0.978577
0.942414
0.982311
0.990173
0.919615
0.978577
0.987225
0.981722
0.409788
0.733687
0.838443
0.621855
0.710299
0.919222
0.833333
0.880700
0.924332
0.722877
0.777909
0.803459
0.391116
0.374017
0.775747
0.037932
0.058962
0.058373
0.058962
0.038129
0.055425
0.049135
0.042453
0.045401
0.022995
0.054049
0.059159
0.059355
0.056407
0.037539
0.047956
0.054638
0.036753
0.059159
0.054638
0.046580
0.034984
0.044222
0.057390
0.041470
0.059552
0.038915
0.059552
0.038325
0.032429
0.042060
0.054245
0.059159
0.034984
0.054638
0.042060
0.025943
0.053263
0.059552
0.043239
0.020637
0.034591
0.049921
0.053852
0.038129
0.058962
0.059355
0.763561
0.986046
0.988208
0.954403
0.954206
0.978184
0.583726
0.982311
0.990763
0.997642
0.995480
0.960299
0.994104
0.987421
0.690055
0.880110
0.982115
0.972484
0.969536
0.983294
0.972877
0.993514
0.993514
0.989976
0.930031
0.984277
0.968553
0.990369
0.988601
0.953027
0.632469
0.906250
0.964623
0.982115
0.970912
0.987814
0.927673
0.630896
0.936321
0.982704
0.980346
0.779678
0.757469
0.884827
0.892885
0.988601
0.979363
0.978184
0.994890
0.975236
0.994890
0.886792
0.878341
0.740763
0.773978
0.688090
0.987618
0.986635
0.988797
0.985063
0.981132
0.947917
0.988404
0.985456
0.869104
0.929835
0.987814
0.986832
0.991352
0.970519
0.515920
0.775157
0.541274
0.668239
0.622052
0.382075
0.672563
0.627358
0.754127
0.925708
0.986439
0.951847
0.735849
0.820558
0.629914
0.815252
0.356722
0.717571
0.477398
0.302869
0.296384
0.480542
0.718947
0.632075
0.766313
0.369300
0.763561
0.785377
0.941038
0.883255
0.811910
0.613404
0.449882
0.396619
0.774371
0.658608
0.814269
0.987618
0.984080
0.860849
0.975236
0.972091
0.922759
0.570558
0.617138
0.444575
0.872838
0.488994
0.500590
0.933373
0.952634
0.376769
0.540094
0.541863
0.933373
0.981329
0.985456
0.983884
0.994300
0.994300
0.986242
0.990369
0.983884
0.722091
0.962657
0.839819
0.977398
0.990369
0.927673
0.693986
0.944575
0.993121
0.931014
0.992728
0.925118
0.958923
0.979756
0.891903
0.693200
0.995873
0.989976
0.731329
0.635417
0.881289
0.973860
0.886989
0.982115
0.665881
0.947524
0.953813
0.790684
0.919418
0.915291
0.992925
0.644064
0.828223
0.469929
0.797563
0.717178
0.409984
0.988208
0.997445
0.990566
0.973860
0.795204
0.855149
0.986439
0.985456
0.945755
0.895047
0.975825
0.860456
0.853381
0.815252
0.820951
0.974646
0.964033
0.995676
0.995873
0.986832
0.984670
0.989976
0.923349
0.506289
0.464033
0.608294
0.658412
0.046384
0.057586
0.985259
0.993907
0.620480
0.640527
0.895047
0.669025
0.991549
0.341195
0.433569
0.922366
0.958530
0.392296
0.961675
0.475236
0.323899
0.639151
0.642099
0.981132
0.662539
0.700275
0.987814
0.681014
0.684748
0.408805
0.711675
0.691431
0.878145
0.971108
0.919025
0.292060
0.937500
0.990763
0.881289
0.984277
0.537932
0.744890
0.549528
0.299725
0.059355
0.059748
0.057390
0.047366
0.653302
0.597288
0.472288
0.561517
0.666667
0.968357
0.623428
0.797956
0.983097
0.983884
0.995086
0.859473
0.935535
0.835888
0.979756
0.996462
0.057390
0.786950
0.981525
0.331368
0.726415
0.921187
0.576454
0.943200
0.992335
0.994693
0.849843
0.991745
0.991942
0.886596
0.833726
0.965998
0.965998
0.557390
0.909002
0.727201
0.324686
0.963640
0.790487
0.057390
0.990959
0.994890
0.984866
0.947917
0.485456
0.551494
0.994300
0.987225
0.994693
0.796777
0.994890
0.803263
0.905857
0.924135
0.993318
0.992531
0.996462
0.996069
0.991942
0.983687
0.853184
0.919811
0.958726
0.801101
0.663522
0.601612
0.771423
0.983687
0.981918
0.993318
0.928852
0.827241
0.176297
0.959316
0.656840
0.769064
0.573899
0.644851
0.816431
0.956761
0.931211
0.944575
0.970912
0.992335
0.955189
0.988208
0.984277
0.896226
0.863208
0.979953
0.968750
0.898192
0.965016
0.841785
0.858097
0.943003
0.833137
0.851808
0.720519
0.905464
0.956564
0.926887
0.931014
0.773585
0.923742
0.928656
0.841785
0.925904
0.914308
0.922170
0.879324
0.898388
0.898192
0.893475
0.878341
0.875786
0.873231
0.859277
0.821737
0.484277
0.429835
0.553852
0.692610
0.714230
0.422170
0.605149
0.379914
0.382075
0.726612
0.694575
0.498428
0.359670
0.590998
0.566234
0.286164
0.302869
0.374803
0.345126
0.507665
0.624214
0.605346
0.358097
0.630307
0.708530
0.658215
0.643278
0.404481
0.461871
0.430818
0.321737
0.458923
0.211675
0.223467
0.384827
0.319772
0.499803
0.359080
0.382665
0.199292
0.325865
0.425314
0.274175
0.253734
0.398388
0.273388
0.510613
0.225825
0.568986
0.342964
0.507665
0.497052
0.447524
0.261792
0.203223
0.393082
0.213443
0.283412
0.251572
0.286164
0.349450
0.417649
0.383058
0.514937
0.271226
0.402712
0.433176
0.489976
0.470715
0.374607
0.303459
0.309159
0.403695
0.392099
0.385810
0.383058
0.374017
0.365959
0.364583
0.354953
0.357311
0.354756
0.352398
0.348270
0.346108
0.342571
0.337657
0.334119
0.156643
0.295597
0.275550
0.154481
0.148192
0.134827
0.048349
0.045991
0.079796
0.088247
0.087854
0.086478
0.042846
0.042649
0.080582
0.080189
0.063679
0.074489
0.075472
0.069379
0.075668
0.074489
0.074686
0.074489
0.066234
0.064072
0.067020
0.065645
0.065252
0.064858
0.061910
0.060928
0.058176
0.756289
0.757862
0.748624
0.760024
0.745480
0.754127
0.758648
0.751376
0.745480
0.745480
0.744497
0.754717
0.751179
0.753145
0.745873
0.754127
0.758648
0.751965
0.744300
0.747052
